<?xml version="1.0"?>
<opencv_storage>
<calibration_time>"Sat 02 Jun 2018 11:31:07 PM CST"</calibration_time>
<nr_of_frames>25</nr_of_frames>
<image_width>640</image_width>
<image_height>400</image_height>
<board_width>9</board_width>
<board_height>6</board_height>
<square_size>50.</square_size>
<fix_aspect_ratio>1.</fix_aspect_ratio>
<!-- flags: +fix_aspectRatio +fix_principal_point +zero_tangent_dist +fix_k4 +fix_k5 -->
<flags>6158</flags>
<fisheye_model>0</fisheye_model>
<camera_matrix type_id="opencv-matrix">
  <rows>3</rows>
  <cols>3</cols>
  <dt>d</dt>
  <data>
    4.9221717169278791e+03 0. 320. 0. 4.9221717169278791e+03 200. 0. 0.
    1.</data></camera_matrix>
<distortion_coefficients type_id="opencv-matrix">
  <rows>5</rows>
  <cols>1</cols>
  <dt>d</dt>
  <data>
    -7.4772748393896691e+01 5.7206818261162671e+03 0. 0.
    6.5285375693625074e+03</data></distortion_coefficients>
<avg_reprojection_error>3.1929718033355674e+00</avg_reprojection_error>
<per_view_reprojection_errors type_id="opencv-matrix">
  <rows>25</rows>
  <cols>1</cols>
  <dt>f</dt>
  <data>
    3.30702376e+00 3.33655882e+00 3.36122489e+00 3.32998371e+00
    3.30727744e+00 3.27903295e+00 3.33525372e+00 3.30926895e+00
    3.22269344e+00 3.16252947e+00 3.15844297e+00 3.21270204e+00
    3.19056797e+00 3.16166735e+00 3.13558674e+00 3.12115049e+00
    3.12418103e+00 3.14326787e+00 3.10572815e+00 3.10826445e+00
    3.04429388e+00 3.08569598e+00 3.12502408e+00 3.06855965e+00
    3.05012560e+00</data></per_view_reprojection_errors>
<!-- a set of 6-tuples (rotation vector + translation vector) for each view -->
<extrinsic_parameters type_id="opencv-matrix">
  <rows>25</rows>
  <cols>6</cols>
  <dt>d</dt>
  <data>
    1.1459303282070928e-02 -4.3259892999998528e-01
    -2.8183612391572022e-02 -1.8795341843309967e+02
    -1.1639907037849869e+02 4.0609464232445989e+03
    1.3936563356097094e-02 -4.3758218799681520e-01
    -2.6399101402274146e-02 -1.8659167499965307e+02
    -1.1703716540447266e+02 4.0468772069049674e+03
    1.3517782596605795e-02 -4.3627405572070604e-01
    -2.7469898120994388e-02 -1.8623307285295385e+02
    -1.1741965024658032e+02 4.0474075587005486e+03
    1.4603189186114685e-02 -4.3864035287944608e-01
    -2.6011346822620164e-02 -1.8580671796742311e+02
    -1.1697213292990975e+02 4.0463127067530095e+03
    1.2892993401070679e-02 -4.3778557478011298e-01
    -2.4968003224767402e-02 -1.8573107681326590e+02
    -1.1689203827727135e+02 4.0495685055118511e+03
    1.5125621735196451e-02 -4.3806364182774116e-01
    -2.4657910506771605e-02 -1.8639834390203666e+02
    -1.1624886351285295e+02 4.0500315148414397e+03
    9.6429528962015867e-03 -4.3659195177765447e-01
    -2.5558836341046040e-02 -1.8645979477895807e+02
    -1.1740863377361489e+02 4.0487466107541600e+03
    1.4461394335159417e-02 -4.3797418038429747e-01
    -2.6236049533864214e-02 -1.8565605856945800e+02
    -1.1665656401604484e+02 4.0460677706369074e+03
    1.5730452665014130e-02 -4.4029716365803429e-01
    -2.5308737415278552e-02 -1.8608113867645207e+02
    -1.1510152275910063e+02 4.0509264475679229e+03
    1.5384651812941852e-02 -4.3983776457434737e-01
    -2.4626846980626043e-02 -1.8654054209786611e+02
    -1.1401901621725222e+02 4.0566755454497061e+03
    1.4088421033268158e-02 -4.3276999765539836e-01
    -2.6449448242326278e-02 -1.8744696836492909e+02
    -1.1430788474066104e+02 4.0695129372654114e+03
    1.2871841330887968e-02 -4.3877812413894068e-01
    -2.6389174804430881e-02 -1.8685381363064423e+02
    -1.1477298961206556e+02 4.0539203841277299e+03
    1.3361566779381466e-02 -4.4045705503574628e-01
    -2.5984661480454620e-02 -1.8700733483083911e+02
    -1.1444550858838286e+02 4.0515314801779177e+03
    1.3439664059683261e-02 -4.4056740337050648e-01
    -2.4980677927592721e-02 -1.8744287347743187e+02
    -1.1396425928896821e+02 4.0545982526312118e+03
    1.3858383550830834e-02 -4.3942817857385735e-01
    -2.4342048912927332e-02 -1.8744916358307469e+02
    -1.1352783279526254e+02 4.0592978579259329e+03
    1.3919304131440283e-02 -4.4021406968190013e-01
    -2.4051716978513289e-02 -1.8722262669173162e+02
    -1.1375876603746104e+02 4.0559653025547182e+03
    1.1936220918865635e-02 -4.3919520383855670e-01
    -2.4324632320304199e-02 -1.8713618647243547e+02
    -1.1368302821937870e+02 4.0570055003163989e+03
    1.3052763327411320e-02 -4.4127614122503184e-01
    -2.4422318362571357e-02 -1.8635686088483664e+02
    -1.1369898460924229e+02 4.0483867263168777e+03
    1.2744325932070796e-02 -4.3901050568477701e-01
    -2.3310571930456141e-02 -1.8627016071197923e+02
    -1.1353565967864623e+02 4.0531091592624816e+03
    1.5702465440696818e-02 -4.4412241731683894e-01
    -2.2974170942119523e-02 -1.8608054342310538e+02
    -1.1275025512102891e+02 4.0440565434082546e+03
    1.3601405647901535e-02 -4.4253549962829819e-01
    -2.3611106406388666e-02 -1.8692250426226485e+02
    -1.1166377618314323e+02 4.0539674454765218e+03
    1.5002648489962378e-02 -4.3579383824686235e-01
    -2.4409929951454939e-02 -1.8825299910485515e+02
    -1.1287246487877634e+02 4.0616869148799437e+03
    1.4505886986860339e-02 -4.4170292190201682e-01
    -2.3564147561533463e-02 -1.8787145979692446e+02
    -1.1327326641476076e+02 4.0471716862957460e+03
    1.1049701099103826e-02 -4.4095189202147900e-01
    -2.3583894476288579e-02 -1.8675836687842624e+02
    -1.1243504757411226e+02 4.0533602021857505e+03
    1.4142926815007350e-02 -4.3851133532089254e-01
    -2.4031026909782614e-02 -1.8686382453019468e+02
    -1.1218437052218015e+02 4.0588851311930061e+03</data></extrinsic_parameters>
